fibo(3)
ans =
     1     1     2
fibo(50)
ans =
   1.0e+10 *
  Columns 1 through 10
    0.0000    0.0000    0.0000    0.0000    0.0000    0.0000    0.0000    0.0000    0.0000    0.0000
  Columns 11 through 20
    0.0000    0.0000    0.0000    0.0000    0.0000    0.0000    0.0000    0.0000    0.0000    0.0000
  Columns 21 through 30
    0.0000    0.0000    0.0000    0.0000    0.0000    0.0000    0.0000    0.0000    0.0001    0.0001
  Columns 31 through 40
    0.0001    0.0002    0.0004    0.0006    0.0009    0.0015    0.0024    0.0039    0.0063    0.0102
  Columns 41 through 50
    0.0166    0.0268    0.0433    0.0701    0.1135    0.1836    0.2971    0.4808    0.7779    1.2586
fibo(100)
ans =
   1.0e+20 *
  Columns 1 through 10
    0.0000    0.0000    0.0000    0.0000    0.0000    0.0000    0.0000    0.0000    0.0000    0.0000
  Columns 11 through 20
    0.0000    0.0000    0.0000    0.0000    0.0000    0.0000    0.0000    0.0000    0.0000    0.0000
  Columns 21 through 30
    0.0000    0.0000    0.0000    0.0000    0.0000    0.0000    0.0000    0.0000    0.0000    0.0000
  Columns 31 through 40
    0.0000    0.0000    0.0000    0.0000    0.0000    0.0000    0.0000    0.0000    0.0000    0.0000
  Columns 41 through 50
    0.0000    0.0000    0.0000    0.0000    0.0000    0.0000    0.0000    0.0000    0.0000    0.0000
  Columns 51 through 60
    0.0000    0.0000    0.0000    0.0000    0.0000    0.0000    0.0000    0.0000    0.0000    0.0000
  Columns 61 through 70
    0.0000    0.0000    0.0000    0.0000    0.0000    0.0000    0.0000    0.0000    0.0000    0.0000
  Columns 71 through 80
    0.0000    0.0000    0.0000    0.0000    0.0000    0.0000    0.0001    0.0001    0.0001    0.0002
  Columns 81 through 90
    0.0004    0.0006    0.0010    0.0016    0.0026    0.0042    0.0068    0.0110    0.0178    0.0288
  Columns 91 through 100
    0.0466    0.0754    0.1220    0.1974    0.3194    0.5168    0.8362    1.3530    2.1892    3.5422
diary off
